1	-18	0.500000000000000	1
2	0	0.250000000000000	2
3	-39	0.333333333333333	3
4	-54	0.500000000000000	4
5	-55	0.627777777777778	5
6	-69	0.383333333333333	6
7	-44	0.172222222222222	7
8	-90	0.250000000000000	8
9	-90	0.500000000000000	9
10	-108	0.627777777777778	10
11	-111	0.383333333333333	11
12	-136	0.172222222222222	12
13	180	0.250000000000000	13
14	-141	0.333333333333333	14
15	-126	0.500000000000000	15
16	-162	0.500000000000000	16
17	180	0.500000000000000	17
18	162	0.500000000000000	18
19	141	0.333333333333333	19
20	126	0.500000000000000	20
21	108	0.627777777777778	21
22	111	0.383333333333333	22
23	136	0.172222222222222	23
24	0	0.127777777777778	24
25	90	0.250000000000000	25
26	90	0.500000000000000	26
27	55	0.627777777777778	27
28	69	0.383333333333333	28
29	44	0.172222222222222	29
30	39	0.333333333333333	30
31	54	0.500000000000000	31
32	18	0.500000000000000	32
33	-36	0.500000000000000	33
34	-22	0.411111111111111	34
35	0	0.500000000000000	35
36	-22	0.272222222222222	36
37	-49	0.411111111111111	37
38	-72	0.500000000000000	38
39	-61	0.272222222222222	39
40	-90	0.127777777777778	40	
41	-90	0.377777777777778	41
42	-119	0.272222222222222	42
43	180	0.122222222222222	43
44	-158	0.272222222222222	44
45	-131	0.411111111111111	45
46	-144	0.500000000000000	46
47	-158	0.411111111111111	47
48	180	0.372222222222222	48
49	158	0.411111111111111	49
50	144	0.500000000000000	50
51	131	0.411111111111111	51
52	158	0.272222222222222	52
53	119	0.272222222222222	53
54	90	0.377777777777778	54
55	90	0.127777777777778	55
56	61	0.272222222222222	56
57	72	0.500000000000000	57
58	49	0.411111111111111	58
59	22	0.272222222222222	59
60	22	0.411111111111111	60
61	36	0.500000000000000	61
62	0	0.0			62
63	0	0.0			63
64	0	0.0			64
65	0	0.0			65
66	0	0.372222222222222	66